          -U- in Atom basis 
          ----------------- 


                       1              2              3              4              5              6              7


                  0.0000000000   0.0000000000   0.0000000000   0.0000000000   0.0000000000   0.0000000000   0.0000000000


    1   1  O  S   0.0007532736   0.0004889371  -0.0005616901  -0.0003271792  -0.0000800630   0.0001499003  -0.0000232181
    2   1  O  S   0.0035225792   0.0024769117  -0.0033736682  -0.0028943629  -0.0006533963   0.0011427938   0.0000071798
    3   1  O  X   0.0017334763   0.0013178891  -0.0015065823  -0.0017536436  -0.0000317110   0.0006759133   0.0000657181
    4   1  O  Y  -0.0008926597   0.0001656315  -0.0001050254   0.0004351263   0.0001400379   0.0010464287  -0.0005848061
    5   1  O  Z   0.0002832090  -0.0000067627  -0.0001789541  -0.0005591545  -0.0000097848   0.0001033566  -0.0002322641
    6   1  O  S  -0.0129233928  -0.0086863940   0.0107872724   0.0070712349   0.0023191148  -0.0030875431   0.0003672680
    7   1  O  X  -0.0051172250  -0.0030286474   0.0036901644   0.0016777526   0.0008785894  -0.0009975073   0.0003267595
    8   1  O  Y   0.0002116536  -0.0007616582  -0.0002137447   0.0000987411  -0.0008238704  -0.0009638359   0.0002226875
    9   1  O  Z   0.0010597682   0.0009965775  -0.0009256942   0.0000042009  -0.0001442271   0.0003498283   0.0004544622
   10   1  O XX   0.0023963758   0.0019272262  -0.0019148094  -0.0024662349   0.0001732211   0.0009255159   0.0001775864
   11   1  O YY   0.0026267692   0.0015232295  -0.0018846823  -0.0006280697  -0.0004161635   0.0003402365  -0.0001959739
   12   1  O ZZ   0.0027962597   0.0018335665  -0.0020199267  -0.0004270497  -0.0004498519   0.0003536072  -0.0001002311
   13   1  O XY  -0.0017618180  -0.0005175906  -0.0004608670   0.0010707100  -0.0006509014   0.0012354046  -0.0011633961
   14   1  O XZ   0.0006877225   0.0000791129  -0.0006721676  -0.0013718785   0.0000812549   0.0004153993  -0.0000355369
   15   1  O YZ   0.0002412703   0.0000789531   0.0000617636  -0.0001485815   0.0001032058  -0.0001720337   0.0001571760
   16   2  H  S   0.0025675248   0.0011730814  -0.0022925442  -0.0027733716   0.0001181961   0.0008924644   0.0000227087
   17   2  H  S   0.0106427114   0.0078504324  -0.0094182903  -0.0065560730  -0.0032254202   0.0033021748  -0.0002062688
   18   2  H  X   0.0049477662   0.0042736390  -0.0057726033  -0.0087508097  -0.0000416553   0.0030445049   0.0006544486
   19   2  H  Y   0.0061041063   0.0008333974   0.0014745691  -0.0036000938   0.0011462912  -0.0051082878   0.0034453465
   20   2  H  Z  -0.0024623813  -0.0003757738   0.0018746307   0.0038441337   0.0000228179  -0.0010671181   0.0010911343
   21   3  H  S   0.0012081614   0.0001043777  -0.0009048599  -0.0015232720  -0.0001716008   0.0004856717  -0.0003561100
   22   3  H  S  -0.0037839056  -0.0016870511   0.0027412033   0.0022398210   0.0007745067  -0.0012206816   0.0003503732
   23   3  H  X  -0.0001906408  -0.0001172735   0.0002604153   0.0003042733   0.0000822833  -0.0001263733  -0.0000153066
   24   3  H  Y  -0.0002490604   0.0000487506  -0.0000226073   0.0001166143   0.0000391451   0.0003001305  -0.0001806671
   25   3  H  Z   0.0007949681   0.0005726602  -0.0005461741  -0.0000903047  -0.0001562015   0.0001393833  -0.0000157952
   26   4  O  S  -0.1756440719   0.0052312249   0.0230519827  -0.0883286153   0.0562656892   0.0247854637   0.0165406359
   27   4  O  S   0.3184894015   0.1212293323   0.4482408301  -0.3986959604   0.1152453069   0.0353796273   0.2028657404
   28   4  O  X  -0.2753171462  -0.2278067952   0.5907258837   0.1161334128   0.1707976951  -0.1371515042   0.1098059067
   29   4  O  Y  -0.5101022547   0.6975083280  -0.0953956439  -0.1166984624   0.2819295028  -0.2543190313  -0.0486894260
   30   4  O  Z  -0.3135209985  -0.4373871812  -0.5648594336  -0.2562071105  -0.1509802793   0.1289700458  -0.0051193361
   31   4  O  S   0.6925294478   0.0797107664  -0.1511132992   1.8096901044  -0.7467581362  -0.5008488425  -0.2574095772
   32   4  O  X   0.4039986609   0.1310264797  -0.2194072520   0.0931506902  -0.1277138484  -0.0058311624  -0.0585241271
   33   4  O  Y  -0.9735812043  -0.1993919963  -0.2711780463   0.6148898852  -0.2683945094   0.7684140333  -0.4349751908
   34   4  O  Z   0.3007622555   0.0936684990  -0.2190235234  -0.5273778514   0.0167146656   0.1340354267  -0.2065608047
   35   4  O XX  -0.3571176807  -0.1680849165   0.2888836658  -0.7870133688   0.4772564891   0.1971545880   0.0711874447
   36   4  O YY  -0.6815916104   0.3116610422   0.5617313451  -0.3871767386   0.6446092440  -0.4891506020   0.1704955028
   37   4  O ZZ  -0.6680097820   0.1005020732   0.4823242038   0.4587120676  -0.2208573635   0.3890769897   0.2224245819
   38   4  O XY  -0.2351176803   0.2375744762  -0.0956110219   0.1833035561   0.2528007599   0.4408094698   0.4223222457
   39   4  O XZ   0.0710266100   0.1813788189   0.0181120330  -0.0831788239  -0.2076852346  -0.0229607029  -0.6294328622
   40   4  O YZ   0.5107891975  -0.2942216131   0.2025593285  -0.3262966572  -0.0224386102  -0.2957026345  -0.3058443523
   41   5  H  S   0.5297987144  -0.8017958413  -0.5397434879  -0.5079127907  -0.3453256035  -0.1524080875  -0.1102540236
   42   5  H  S   0.8538784558   0.3734038389  -0.0811228715  -0.8187247560   0.3633822255  -0.1900813594   0.3346490713
   43   5  H  X  -0.3987106322   0.3953490538  -0.0840242072   0.1569601981   0.0140678739  -0.1043850736  -0.2609614806
   44   5  H  Y  -0.4325540639   0.5196892501   0.2621384941   0.4964759417  -0.3468998042  -0.5277962755   0.5082747113
   45   5  H  Z   0.3889946200  -0.2851380539  -0.0713664890   0.2830954924  -0.2453895448  -0.1231706238  -0.0499653015
   46   6  H  S  -0.9250850571   0.1884349978  -0.6872415712  -0.2202799265  -0.1176756073   0.5122591982  -0.2948556747
   47   6  H  S  -0.2722326500  -0.1041551386  -0.4291625128  -0.0758558239  -0.2317041797   0.4868831226  -0.3054867739
   48   6  H  X   0.0158797862   0.6004978288   0.2383703022  -0.1083822533  -0.1195985639   0.2188660445   0.3638953235
   49   6  H  Y  -0.4235346184  -0.0759778556  -0.5728633621  -0.3086308373  -0.1183268302  -0.2360783151   0.1487353249
   50   6  H  Z  -0.1757522403   0.0891388530  -0.6730241023   0.6888077758   0.3951511215   0.1451858407  -0.0888981174


                       8              9             10             11             12             13             14


                  0.0000000000   0.0000000000   0.0000000000   0.0000000000   0.0000000000   0.0000000000   0.0000000000


    1   1  O  S   0.0000058929   0.0000970069   0.0000504914   0.0000917758  -0.0000389064  -0.0002754433   0.0003681148
    2   1  O  S  -0.0001794546   0.0006510171  -0.0001007687   0.0003668505  -0.0016101957  -0.0011902827   0.0013081559
    3   1  O  X  -0.0000215607   0.0002834833  -0.0001970187   0.0003503837  -0.0011153846  -0.0009856156   0.0004899481
    4   1  O  Y  -0.0006675840  -0.0001906784  -0.0004010788  -0.0003373336   0.0000751297   0.0000538052   0.0008907225
    5   1  O  Z   0.0000687833  -0.0000874279  -0.0004016638  -0.0000149044  -0.0002339999  -0.0000812946   0.0000330322
    6   1  O  S   0.0002216735  -0.0020095436  -0.0005989542  -0.0014238874   0.0020124025   0.0039285756  -0.0059435068
    7   1  O  X  -0.0001532508  -0.0005779121  -0.0003595550  -0.0005777576  -0.0002711498   0.0016243188  -0.0027961100
    8   1  O  Y   0.0009193980  -0.0006867471   0.0004072021   0.0005601182  -0.0002740399  -0.0000345230  -0.0002111942
    9   1  O  Z  -0.0001097924   0.0003825935   0.0006851985   0.0002551686  -0.0002685407  -0.0006447617   0.0006157031
   10   1  O XX  -0.0000119694   0.0003895814  -0.0002396309   0.0005982413  -0.0015831839  -0.0015603950   0.0006348239
   11   1  O YY   0.0000416609   0.0002870265   0.0002955047   0.0001991627   0.0004426433  -0.0006991002   0.0015010831
   12   1  O ZZ   0.0000197059   0.0003823042   0.0005268596   0.0002704470   0.0005335247  -0.0008168125   0.0015625265
   13   1  O XY  -0.0005673658  -0.0012544517  -0.0003576321  -0.0000682940  -0.0001603707   0.0000453543   0.0017579947
   14   1  O XZ  -0.0000182838   0.0000122756  -0.0005105598  -0.0000033466  -0.0011161737  -0.0004378149   0.0002044026
   15   1  O YZ   0.0000682642   0.0001980881   0.0000387507   0.0000154265   0.0000234053  -0.0000066482  -0.0002407468
   16   2  H  S  -0.0001474321   0.0002816836  -0.0006213983   0.0000206476  -0.0022774920  -0.0013326506   0.0008967097
   17   2  H  S  -0.0002101027   0.0020414825   0.0005165848   0.0016691273  -0.0022136455  -0.0025450199   0.0047522915
   18   2  H  X  -0.0005369229   0.0012165319  -0.0015737089   0.0009821335  -0.0073554841  -0.0032905090   0.0001593256
   19   2  H  Y   0.0020430374   0.0030919980   0.0021493866   0.0010382487   0.0001676322  -0.0004174205  -0.0060908597
   20   2  H  Z  -0.0003181247   0.0003177199   0.0023288742   0.0000876305   0.0026026712   0.0012545848  -0.0004620502
   21   3  H  S   0.0001205138  -0.0000774676  -0.0007525133   0.0000163384  -0.0007578384  -0.0003883594   0.0006026336
   22   3  H  S  -0.0002324980  -0.0002927741   0.0004450268  -0.0004607282   0.0008558058   0.0013618885  -0.0020859015
   23   3  H  X   0.0000309594  -0.0000538790   0.0000556708  -0.0000040080   0.0002836943   0.0000501679  -0.0000436680
   24   3  H  Y  -0.0002118891  -0.0000619816  -0.0000988770  -0.0000945068   0.0000209796   0.0000094816   0.0002485199
   25   3  H  Z   0.0000279685   0.0001183016   0.0001664608   0.0001332791   0.0001607745  -0.0002694769   0.0004379773
   26   4  O  S   0.0051143706  -0.0054243010  -0.0368445408   0.0229639079  -0.0974538461  -0.0671393559  -0.2038716270
   27   4  O  S  -0.1180271654   0.0886714140  -0.0840386318   0.1523860116  -0.6449233575   0.2229194491   0.2958130383
   28   4  O  X  -0.0485246928  -0.0312845812  -0.0119896822   0.0219147550  -0.1034088772   0.2407478310  -0.0277551163
   29   4  O  Y  -0.0772789871  -0.0445574052  -0.2311246772  -0.0386518987  -0.1245053736  -0.0558990109   0.5089952759
   30   4  O  Z  -0.0136388213  -0.0290834194  -0.0045829934  -0.2017598388   0.0593951744  -0.0155925173  -0.0896558547
   31   4  O  S   0.0273773328   0.0495289667   0.7898391347  -0.1898904666   2.1919429904   0.8728482935   1.1997334861
   32   4  O  X   0.0095801735   0.0264428500   0.0820898169  -0.0124290782   0.2380438256   0.0206681767   0.3437024886
   33   4  O  Y  -0.1224937303  -0.5904129788  -0.3625831649  -0.1842570640  -0.0382022600   0.0991721792   0.9714684237
   34   4  O  Z   0.0662049104  -0.0653766474  -0.3853941906  -0.0064493024  -0.3693362049  -0.2029520878  -0.0466780987
   35   4  O XX   0.0418468668  -0.1027774356  -0.4785679371   0.0926824350  -1.0209952253  -0.4922549392  -0.5584019958
   36   4  O YY  -0.1646054838   0.0262008655   0.2008704601   0.1828934734   0.5626268831   0.3463207888  -0.6357048595
   37   4  O ZZ   0.1486329390   0.0685768340   0.0753036383   0.3537769696  -0.4992732096  -0.3308473484  -0.5700784563
   38   4  O XY   0.5108751985   0.2174499707  -0.5143282805  -0.4712600207   0.1253569512   0.2364915121   0.2346074486
   39   4  O XZ   0.2141581125  -0.1954088952  -0.6230222167  -0.0354839780   0.1289362105   0.0228276201  -0.4253137176
   40   4  O YZ   0.8713926970   0.2906597030   0.8920729013  -0.0395950997  -0.1538016024   0.0569947143  -0.5096807277
   41   5  H  S   0.2746364113   0.0643701744   0.1267944655   0.0173519374  -0.5395011064  -0.0108976995  -1.0774132121
   42   5  H  S   0.0477795330   0.5253771043  -0.0329183750   0.0373337138  -0.3189260041  -0.2653394158  -0.5000665216
   43   5  H  X  -0.2245986961   0.4571192952  -0.0305121405   0.6845461976   0.0875839042  -0.1176347919  -0.1637916834
   44   5  H  Y  -0.1097635689  -0.0195782553  -0.2543514729   0.0133990866  -0.3727371301   0.3237547801   0.3951761347
   45   5  H  Z  -0.1944989778   0.3667950050   0.1317332020  -0.5177744498  -0.1634784144  -0.7998926133  -0.3864616712
   46   6  H  S  -0.2933308150  -0.1710903395  -0.7960346866  -0.6516113360  -0.4926687476  -0.1074350397   0.3743132990
   47   6  H  S  -0.0583558256  -0.4777780608  -0.2274882745   0.0251761999  -0.4611552656  -0.2130547720   0.6236007966
   48   6  H  X   0.3012249643  -0.2750090107   0.3059808086  -0.1341838208   0.2365561286  -0.0227501543  -0.5774823941
   49   6  H  Y   0.2521245103  -0.3568310070  -0.6894731765  -0.0001173623   0.2961450557  -0.5743450434   0.4590547390
   50   6  H  Z   0.2385833271  -0.4566437694  -0.1267780231  -0.0937072314  -0.4504750306  -0.2053291637   0.1770596250


                      15             16             17             18             19             20             21


                  0.0000000000   0.0003236365   0.0054807818   0.0076113211   0.0123593184   0.0805753718   0.9810942382


    1   1  O  S   0.0003111677   0.0009006433   0.0044049922  -0.0070268022  -0.0000000000   0.0261705958  -0.0243516306
    2   1  O  S   0.0018359796  -0.0021440206   0.0136256982  -0.0226851543   0.0000000000   0.1190130555  -0.0930500752
    3   1  O  X   0.0011693857  -0.0033213004   0.0033011807  -0.0082679617   0.0000000000   0.0348622786  -0.0281208988
    4   1  O  Y   0.0008968677  -0.0000000000   0.0000000000   0.0000000000   0.0077487660  -0.0000000000  -0.0000000000
    5   1  O  Z   0.0001019953   0.0001050366   0.0044493595   0.0018082371  -0.0000000000   0.0073972722  -0.0050779604
    6   1  O  S  -0.0055133894  -0.0189143522  -0.0812953118   0.1138558917   0.0000000000  -0.5567722879   0.4684272629
    7   1  O  X  -0.0015888365  -0.0071642861  -0.0346474804   0.0441778734   0.0000000000  -0.1776703694   0.1656294940
    8   1  O  Y   0.0008217895   0.0000000000  -0.0000000000  -0.0000000000  -0.0145383127   0.0000000000   0.0000000000
    9   1  O  Z   0.0005227036  -0.0009456068  -0.0043468653  -0.0125931745   0.0000000000   0.0247436306  -0.0235380738
   10   1  O XX   0.0017979331   0.0013637320   0.0095638958  -0.0180481701   0.0000000000   0.0917245391  -0.0742586885
   11   1  O YY   0.0007705294   0.0023884441   0.0159422871  -0.0239987641  -0.0000000000   0.0737705463  -0.0753672333
   12   1  O ZZ   0.0008932510   0.0032941819   0.0144050444  -0.0292833438  -0.0000000000   0.0868649006  -0.0869746325
   13   1  O XY   0.0029431254   0.0000000000   0.0000000000  -0.0000000000   0.0014157825  -0.0000000000  -0.0000000000
   14   1  O XZ   0.0004124100  -0.0035622410   0.0020102929   0.0037438280   0.0000000000  -0.0024169304   0.0045335035
   15   1  O YZ  -0.0004237423  -0.0000000000  -0.0000000000   0.0000000000  -0.0001344482   0.0000000000   0.0000000000
   16   2  H  S   0.0014311592  -0.0187830982  -0.0258240259   0.0145673326   0.0000000000  -0.0891512264   0.0814200557
   17   2  H  S   0.0044919511   0.0392084503   0.0921773876  -0.0907971402  -0.0000000000   0.7109633874  -0.5374302754
   18   2  H  X   0.0047658741  -0.0245329705  -0.0187530540   0.0030883018   0.0000000000   0.0724709789  -0.0133652631
   19   2  H  Y  -0.0089976442  -0.0000000000  -0.0000000000  -0.0000000000  -0.0147629851   0.0000000000   0.0000000000
   20   2  H  Z  -0.0010031704   0.0067518888  -0.0126557363  -0.0076368500   0.0000000000  -0.0101319200   0.0052920939
   21   3  H  S   0.0002753521  -0.0026362905   0.0105672275   0.0059465177  -0.0000000000   0.0051472581  -0.0036828109
   22   3  H  S  -0.0009798586  -0.0006067732  -0.0232880503   0.0104343174   0.0000000000  -0.0882269778   0.0755202479
   23   3  H  X  -0.0001090239   0.0001704120  -0.0003828998   0.0000521148  -0.0000000000  -0.0106720444   0.0056911921
   24   3  H  Y   0.0002444051  -0.0000000000   0.0000000000   0.0000000000   0.0024016834  -0.0000000000  -0.0000000000
   25   3  H  Z   0.0002550609   0.0013668133   0.0040145802  -0.0076365861  -0.0000000000   0.0276039870  -0.0258186719
   26   4  O  S   0.0523286834  -0.3140950933  -0.1451931548   0.0992204473   0.0000000000   0.1435402005  -0.1130270110
   27   4  O  S   0.3111317339  -0.4753528557   0.6279927727  -1.0967686264   0.0000000000   0.6171456463   0.2634030911
   28   4  O  X  -0.0322743853  -0.1627357253  -0.0081540324  -0.1197341025  -0.0000000000  -0.6259461636  -0.4826805077
   29   4  O  Y  -0.5675587695  -0.0000000007   0.0000000000  -0.0000000000  -0.3025128421   0.0000000000  -0.0000000000
   30   4  O  Z  -0.3126296540   0.3386734334  -0.2944854100  -0.5007180279  -0.0000000000  -0.0805226255   0.0467442165
   31   4  O  S  -0.8027973407   4.2341241160  -0.1399614022   1.3793176146  -0.0000000001  -1.7652188956   0.5963073595
   32   4  O  X  -0.0221363904   0.4019873845  -0.3538076998   0.3669565759   0.0000000000   1.1052885221  -0.5287480700
   33   4  O  Y   1.5887984551   0.0000000007   0.0000000000  -0.0000000000   0.4531121536  -0.0000000000  -0.0000000000
   34   4  O  Z   0.1686617153  -1.0896524516   1.0264826881   0.4020456263   0.0000000000  -0.2620290281   0.0500632871
   35   4  O XX   0.3329020112  -0.6479007992  -0.5007124480   0.3617861817   0.0000000000   0.4942328077  -0.0432815921
   36   4  O YY   0.7040242060  -1.1245355500  -0.6398448665   0.0955797112   0.0000000001   0.9366626421  -0.0765839875
   37   4  O ZZ  -0.2041469640  -1.1768801006  -0.4896289234  -0.0110424378   0.0000000000   0.8581517198  -0.0745352064
   38   4  O XY   0.1926798814  -0.0000000000  -0.0000000000   0.0000000000  -0.0405622596   0.0000000000  -0.0000000000
   39   4  O XZ  -0.0354020328  -0.0211969425   0.1321432902  -0.3182538513  -0.0000000000  -0.1207563771   0.0287754783
   40   4  O YZ  -0.2438072912   0.0000000000  -0.0000000000   0.0000000000  -0.2569661916   0.0000000000   0.0000000000
   41   5  H  S  -0.4129461115   0.0107067480   0.9427704610   0.0469335290  -0.7967484836  -0.1578438282   0.0081604591
   42   5  H  S  -0.8575681746  -1.2756285735  -0.2321959448  -0.4465833004   1.0565655149  -0.2431350453  -0.0189463006
   43   5  H  X   0.3461691481   0.1053766582   0.1008822327  -0.2292923702   0.0391970173  -0.1613980914  -0.0068894310
   44   5  H  Y   0.2986682758   0.0964197877  -0.3546905761   0.1454785075  -0.0268011177   0.2797364270  -0.0255890143
   45   5  H  Z  -0.2427930453   0.0624562162   0.0281130708  -0.2196166671  -0.0577980750  -0.1582131952   0.0158516616
   46   6  H  S  -0.0519255875   0.0107067470   0.9427704610   0.0469335289   0.7967484835  -0.1578438282   0.0081604591
   47   6  H  S   1.2938443964  -1.2756285723  -0.2321959449  -0.4465833005  -1.0565655148  -0.2431350453  -0.0189463006
   48   6  H  X   0.1768283931   0.1053766580   0.1008822327  -0.2292923702  -0.0391970173  -0.1613980914  -0.0068894310
   49   6  H  Y   0.0323917013  -0.0964197870   0.3546905761  -0.1454785075  -0.0268011177  -0.2797364270   0.0255890143
   50   6  H  Z  -0.1014478533   0.0624562165   0.0281130708  -0.2196166671   0.0577980750  -0.1582131952   0.0158516616


                      22             23             24             25


                  0.9995223801   0.9999520447   0.9999810382   0.9999999242


    1   1  O  S  -0.0048651306   0.0000679219   0.0000000000  -0.0000250217
    2   1  O  S  -0.0127026732  -0.0009932771  -0.0000000000   0.0001345498
    3   1  O  X  -0.0044581291  -0.0000185108  -0.0000000000  -0.0000489113
    4   1  O  Y   0.0000000000  -0.0000000000   0.0021003282  -0.0000000000
    5   1  O  Z  -0.0005832330  -0.0017853342  -0.0000000000   0.0000130220
    6   1  O  S   0.0779071778   0.0047993478   0.0000000000  -0.0001560951
    7   1  O  X   0.0333832552   0.0018120260   0.0000000000   0.0001886619
    8   1  O  Y  -0.0000000000   0.0000000000  -0.0036919728   0.0000000000
    9   1  O  Z  -0.0044331170   0.0035047837   0.0000000000  -0.0000738259
   10   1  O XX  -0.0117997175  -0.0003305331  -0.0000000000  -0.0000617011
   11   1  O YY  -0.0169877885   0.0004352460   0.0000000000  -0.0001170353
   12   1  O ZZ  -0.0190985671   0.0019374101   0.0000000000  -0.0001409054
   13   1  O XY   0.0000000000  -0.0000000000   0.0006876445  -0.0000000000
   14   1  O XZ   0.0018263902  -0.0016464512  -0.0000000000   0.0000378351
   15   1  O YZ  -0.0000000000   0.0000000000  -0.0001077812   0.0000000000
   16   2  H  S   0.0177717391   0.0034160314   0.0000000000  -0.0001058714
   17   2  H  S  -0.0699632932  -0.0173942219  -0.0000000000   0.0006934935
   18   2  H  X   0.0150550306  -0.0004635920  -0.0000000000   0.0003344031
   19   2  H  Y  -0.0000000000   0.0000000000  -0.0044448668   0.0000000000
   20   2  H  Z  -0.0005493663   0.0057034213   0.0000000000  -0.0000146607
   21   3  H  S  -0.0002588108  -0.0048615027  -0.0000000000   0.0000208838
   22   3  H  S   0.0128077975   0.0064425344   0.0000000000   0.0000877696
   23   3  H  X  -0.0003038949   0.0003958538   0.0000000000  -0.0000466417
   24   3  H  Y   0.0000000000  -0.0000000000   0.0006635560  -0.0000000000
   25   3  H  Z  -0.0052236474   0.0002206697   0.0000000000  -0.0000491090
   26   4  O  S  -0.0277148135   0.0370404606   0.0000000001   1.0138141479
   27   4  O  S   0.3742924392  -0.0799472289  -0.0000000000  -0.0464055327
   28   4  O  X   0.3509382118  -0.1136491817  -0.0000000000  -0.0247515933
   29   4  O  Y   0.0000000000  -0.0000000002   0.5060491031  -0.0000000001
   30   4  O  Z  -0.0343930211  -0.5767274397  -0.0000000002   0.0030998759
   31   4  O  S   0.3044639894  -0.2179018912  -0.0000000001  -0.0545915320
   32   4  O  X   0.2497327746  -0.1078038352  -0.0000000000  -0.0175391552
   33   4  O  Y   0.0000000000  -0.0000000001   0.2780686098  -0.0000000000
   34   4  O  Z   0.0097366891  -0.4136627453  -0.0000000001  -0.0011573744
   35   4  O XX   0.0078357543  -0.0118716783  -0.0000000000  -0.0048680403
   36   4  O YY   0.0031099656  -0.0016706578  -0.0000000000  -0.0047344525
   37   4  O ZZ   0.0007700582   0.0325221479   0.0000000000  -0.0044213580
   38   4  O XY   0.0000000000  -0.0000000000   0.0116707703  -0.0000000000
   39   4  O XZ  -0.0145300493  -0.0050251573  -0.0000000000   0.0010685849
   40   4  O YZ  -0.0000000000   0.0000000000  -0.0304502172   0.0000000000
   41   5  H  S   0.1501623537   0.1366659630   0.2416485614  -0.0216551838
   42   5  H  S   0.0280815770   0.0708709319   0.1187651401  -0.0023453535
   43   5  H  X   0.0052078100  -0.0083241684  -0.0075026394   0.0002145396
   44   5  H  Y  -0.0221274595  -0.0156086702  -0.0119682984   0.0035583135
   45   5  H  Z   0.0138040948  -0.0071772533   0.0173959413  -0.0022299190
   46   6  H  S   0.1501623537   0.1366659631  -0.2416485613  -0.0216551838
   47   6  H  S   0.0280815770   0.0708709320  -0.1187651400  -0.0023453534
   48   6  H  X   0.0052078100  -0.0083241684   0.0075026394   0.0002145396
   49   6  H  Y   0.0221274595   0.0156086702  -0.0119682984  -0.0035583135
   50   6  H  Z   0.0138040948  -0.0071772533  -0.0173959413  -0.0022299190
 
